# oST version 5.0 parameters


[image]

width
640

height
480

[narrow_stereo/left]

camera matrix
722.937686 0.000000 306.509634
0.000000 726.001504 263.802979
0.000000 0.000000 1.000000

distortion
0.109696 -0.556727 -0.001913 0.000226 0.000000

rectification
1.000000 0.000000 0.000000
0.000000 1.000000 0.000000
0.000000 0.000000 1.000000

projection
721.709412 0.000000 305.524456 0.000000
0.000000 728.430603 262.868472 0.000000
0.000000 0.000000 1.000000 0.000000

