image_width: 640
image_height: 480
camera_name: MyWebCam
camera_matrix:  !!opencv-matrix
  rows: 3
  cols: 3
  dt: d
  data: [722.937686, 0, 306.509634, 0, 726.001504, 263.802979, 0, 0, 1]
distortion_model: plumb_bob
distortion_coefficients:   !!opencv-matrix
  rows: 1
  cols: 5
  dt: d 
  data: [0.109696, -0.556727, -0.001913, 0.000226, 0]
rectification_matrix:
  rows: 3
  cols: 3
  data: [1, 0, 0, 0, 1, 0, 0, 0, 1]
projection_matrix:
  rows: 3
  cols: 4
  data: [721.709412, 0, 305.524456, 0, 0, 728.430603, 262.868472, 0, 0, 0, 1, 0]
