# oST version 5.0 parameters


[image]

width
800

height
448

[narrow_stereo/left]

camera matrix
506.899746 0.000000 399.429047
0.000000 509.658146 231.022302
0.000000 0.000000 1.000000

distortion
0.088767 -0.130384 -0.002227 0.001087 0.000000

rectification
1.000000 0.000000 0.000000
0.000000 1.000000 0.000000
0.000000 0.000000 1.000000

projection
508.911530 0.000000 399.990061 0.000000
0.000000 516.706909 229.699212 0.000000
0.000000 0.000000 1.000000 0.000000

