# oST version 5.0 parameters


[image]

width
640

height
480

[narrow_stereo/left]

camera matrix
698.606214 0.000000 334.999024
0.000000 700.680802 229.464270
0.000000 0.000000 1.000000

distortion
-0.020439 0.067058 -0.009818 0.006338 0.000000

rectification
1.000000 0.000000 0.000000
0.000000 1.000000 0.000000
0.000000 0.000000 1.000000

projection
701.397095 0.000000 337.504074 0.000000
0.000000 702.193420 225.400600 0.000000
0.000000 0.000000 1.000000 0.000000

