# oST version 5.0 parameters


[image]

width
1280

height
720

[narrow_stereo/left]

camera matrix
1139.223656 0.000000 651.009619
0.000000 1135.388419 354.830848
0.000000 0.000000 1.000000

distortion
-0.018787 -0.063162 -0.001585 -0.000737 0.000000

rectification
1.000000 0.000000 0.000000
0.000000 1.000000 0.000000
0.000000 0.000000 1.000000

projection
1123.872803 0.000000 650.101235 0.000000
0.000000 1130.882080 353.756586 0.000000
0.000000 0.000000 1.000000 0.000000

