%YAML:1.0
image_width: 640
image_height: 480
camera_name: MyWebCam
camera_matrix: !!opencv-matrix
  rows: 3
  cols: 3
  dt: d
  data: [698.606214, 0, 334.999024, 0, 700.680802, 229.46427, 0, 0, 1]
distortion_model: plumb_bob
distortion_coefficients: !!opencv-matrix
  rows: 1
  cols: 5
  dt: d
  data: [-0.020439, 0.067058, -0.009818, 0.006338, 0]
rectification_matrix:
  rows: 3
  cols: 3
  data: [1, 0, 0, 0, 1, 0, 0, 0, 1]
projection_matrix:
  rows: 3
  cols: 4
  data: [701.397095, 0, 337.504074, 0, 0, 702.19342, 225.4006, 0, 0, 0, 1, 0]
