image_width: 1280
image_height: 720
camera_name: narrow_stereo/left
camera_matrix:
  rows: 3
  cols: 3
  data: [1139.223656, 0, 651.009619, 0, 1135.388419, 354.830848, 0, 0, 1]
distortion_model: plumb_bob
distortion_coefficients:
  rows: 1
  cols: 5
  data: [-0.018787, -0.063162, -0.001585, -0.000737, 0]
rectification_matrix:
  rows: 3
  cols: 3
  data: [1, 0, 0, 0, 1, 0, 0, 0, 1]
projection_matrix:
  rows: 3
  cols: 4
  data: [1123.872803, 0, 650.101235, 0, 0, 1130.88208, 353.756586, 0, 0, 0, 1, 0]
